            CPU0       CPU1       CPU2       CPU3       CPU4       CPU5       CPU6       CPU7       CPU8       CPU9       CPU10      CPU11      CPU12      CPU13      CPU14      CPU15      
   0:  623909614          0          0          0          0          0          0          0          0          0          0          0          0          0          0          0   IO-APIC-edge      timer
   8:          1          0          0          0          0          0          0          0          0          0          0          0          0          0          0          0   IO-APIC-edge      rtc0
   9:          0          0          0          0          0          0          0          0          0          0          0          0          0          0          0          0   IO-APIC-fasteoi   acpi
  16:     164367     136815     199441     402451      82475       4476      11237       1629       3598      16512          0     154801      15117     179946     751115          0   IO-APIC-fasteoi   ioc0
  17:          0          0          0          0          0          0          0          0          0          0          0          0          0          0          0          0   IO-APIC-fasteoi   uhci_hcd:usb3, ata_piix
  18:          0          0          0          0          0          0          0          0          0          0          0          0          0          0          0          0   IO-APIC-fasteoi   uhci_hcd:usb4
  19:          0          0          0          0          0          0          0          0          0          0          0          0          0          0          0          0   IO-APIC-fasteoi   ehci_hcd:usb1
  20:          0          0          0          0          0          0          0          0          0          0          0          0          0          0          0          0   IO-APIC-fasteoi   uhci_hcd:usb6
  21:       1509   71577565          0          0          0          0          0          0          0          0          0          0          0          0          0          0   IO-APIC-fasteoi   ehci_hcd:usb2, uhci_hcd:usb5, uhci_hcd:usb7
  25:          0          0          0          0          0          0          0          0          0          0          0          0          0          0          0          0   PCI-MSI-edge      PCIe PME
  26:          0          0          0          0          0          0          0          0          0          0          0          0          0          0          0          0   PCI-MSI-edge      PCIe PME
  27:          0          0          0          0          0          0          0          0          0          0          0          0          0          0          0          0   PCI-MSI-edge      PCIe PME
  28:          0          0          0          0          0          0          0          0          0          0          0          0          0          0          0          0   PCI-MSI-edge      PCIe PME
  32:        943        125          0          0          0          0          0          0          0          0          0          0          0          0          0          0   PCI-MSI-edge      mlx4-async@pci:0000:04:00.0
  33:          0          0          0          0          0          0          0          0          0          0          0          0          0          0          0          0   PCI-MSI-edge      mlx4-1@0000:04:00.0
  34:          0          0          0          0          0          0          0          0          0          0          0          0          0          0          0          0   PCI-MSI-edge      mlx4-2@0000:04:00.0
  35:          0          0          0          0          0          0          0          0          0          0          0          0          0          0          0          0   PCI-MSI-edge      mlx4-3@0000:04:00.0
  36:          0          0          0          0          0          0          0          0          0          0          0          0          0          0          0          0   PCI-MSI-edge      mlx4-4@0000:04:00.0
  37:          0          0          0          0          0          0          0          0          0          0          0          0          0          0          0          0   PCI-MSI-edge      mlx4-5@0000:04:00.0
  38:          0          0          0          0          0          0          0          0          0          0          0          0          0          0          0          0   PCI-MSI-edge      mlx4-6@0000:04:00.0
  39:          0          0          0          0          0          0          0          0          0          0          0          0          0          0          0          0   PCI-MSI-edge      mlx4-7@0000:04:00.0
  40:          0          0          0          0          0          0          0          0          0          0          0          0          0          0          0          0   PCI-MSI-edge      mlx4-8@0000:04:00.0
  41:          0          0          0          0          0          0          0          0          0          0          0          0          0          0          0          0   PCI-MSI-edge      mlx4-9@0000:04:00.0
  42:          0          0          0          0          0          0          0          0          0          0          0          0          0          0          0          0   PCI-MSI-edge      mlx4-10@0000:04:00.0
  43:          0          0          0          0          0          0          0          0          0          0          0          0          0          0          0          0   PCI-MSI-edge      mlx4-11@0000:04:00.0
  44:          0          0          0          0          0          0          0          0          0          0          0          0          0          0          0          0   PCI-MSI-edge      mlx4-12@0000:04:00.0
  45:          0          0          0          0          0          0          0          0          0          0          0          0          0          0          0          0   PCI-MSI-edge      mlx4-13@0000:04:00.0
  46:          0          0          0          0          0          0          0          0          0          0          0          0          0          0          0          0   PCI-MSI-edge      mlx4-14@0000:04:00.0
  47:          0          0          0          0          0          0          0          0          0          0          0          0          0          0          0          0   PCI-MSI-edge      mlx4-15@0000:04:00.0
  48:          0          0          0          0          0          0          0          0          0          0          0          0          0          0          0          0   PCI-MSI-edge      mlx4-16@0000:04:00.0
  49:          0          0          0          0          0          0          0          0          0          0          0          0          0          0          0          0   PCI-MSI-edge      mlx4-17@0000:04:00.0
  50:          0          0          0          0          0          0          0          0          0          0          0          0          0          0          0          0   PCI-MSI-edge      mlx4-18@0000:04:00.0
  51:          0          0          0          0          0          0          0          0          0          0          0          0          0          0          0          0   PCI-MSI-edge      mlx4-19@0000:04:00.0
  52:          0          0          0          0          0          0          0          0          0          0          0          0          0          0          0          0   PCI-MSI-edge      mlx4-20@0000:04:00.0
  53:          0          0          0          0          0          0          0          0          0          0          0          0          0          0          0          0   PCI-MSI-edge      mlx4-21@0000:04:00.0
  54:          0          0          0          0          0          0          0          0          0          0          0          0          0          0          0          0   PCI-MSI-edge      mlx4-22@0000:04:00.0
  55:          0          0          0          0          0          0          0          0          0          0          0          0          0          0          0          0   PCI-MSI-edge      mlx4-23@0000:04:00.0
  56:          0          0          0          0          0          0          0          0          0          0          0          0          0          0          0          0   PCI-MSI-edge      mlx4-24@0000:04:00.0
  57:          0          0          0          0          0          0          0          0          0          0          0          0          0          0          0          0   PCI-MSI-edge      mlx4-25@0000:04:00.0
  58:          0          0          0          0          0          0          0          0          0          0          0          0          0          0          0          0   PCI-MSI-edge      mlx4-26@0000:04:00.0
  59:          0          0          0          0          0          0          0          0          0          0          0          0          0          0          0          0   PCI-MSI-edge      mlx4-27@0000:04:00.0
  60:          0          0          0          0          0          0          0          0          0          0          0          0          0          0          0          0   PCI-MSI-edge      mlx4-28@0000:04:00.0
  61:          0          0          0          0          0          0          0          0          0          0          0          0          0          0          0          0   PCI-MSI-edge      mlx4-29@0000:04:00.0
  62:          0          0          0          0          0          0          0          0          0          0          0          0          0          0          0          0   PCI-MSI-edge      mlx4-30@0000:04:00.0
  63:          0          0          0          0          0          0          0          0          0          0          0          0          0          0          0          0   PCI-MSI-edge      mlx4-31@0000:04:00.0
  64:          0          0          0          0          0          0          0          0          0          0          0          0          0          0          0          0   PCI-MSI-edge      mlx4-32@0000:04:00.0
  65:      99957    1379784     440235      54498        312    3706578          0          0          0          0          0     150356          0   20681537       2845          0   PCI-MSI-edge      em1-0
  66:     418890    1281756    6530235    1378164     135187       7976     109573          0       3733    1188387          0   12260979     152338    2821242     792834          0   PCI-MSI-edge      em1-1
  67:        409          0          0          0          0          0          0          0          0          0          0          0          0          0          0    3207423   PCI-MSI-edge      em1-2
  68:    2836379    3674031    4581679    1670601     579121       7592      42807          0          0          0          0    8887249          0      50173    1725974          0   PCI-MSI-edge      em1-3
  69:     230511     406317    2100578     723951     141283      39828     541529          0          0      90559          0      35390        487      16334      64400          0   PCI-MSI-edge      em1-4
  70:     803285     218603     207552    1666706     996498       2795     157917       2013          0       2463          0      32130      33993      10662     149549          0   PCI-MSI-edge      em1-5
  71:      86984     104570     124278     160111    1745523       3205      89062       2126          0        337          0      21628        207     302350      27590          0   PCI-MSI-edge      em1-6
  72:      33459     208295     108344     241833      54744        216    3963366          0          0       1388          0     787788        755      48740      18532          0   PCI-MSI-edge      em1-7
  74:          2          0          0          0          0          0          0          0          0          0          0          0          0          0          0          0   PCI-MSI-edge      em2-0
  75:          0          0          0          0          0          0          0          0          0          0          0          0          0          0          0          0   PCI-MSI-edge      em2-1
  76:          0          0          0          0          0          0          0          0          0          0          0          0          0          0          0          0   PCI-MSI-edge      em2-2
  77:          0          0          0          0          0          0          0          0          0          0          0          0          0          0          0          0   PCI-MSI-edge      em2-3
  78:          0          0          0          0          0          0          0          0          0          0          0          0          0          0          0          0   PCI-MSI-edge      em2-4
  79:          0          0          0          0          0          0          0          0          0          0          0          0          0          0          0          0   PCI-MSI-edge      em2-5
  80:          0          0          0          0          0          0          0          0          0          0          0          0          0          0          0          0   PCI-MSI-edge      em2-6
  81:          0          0          0          0          0          0          0          0          0          0          0          0          0          0          0          0   PCI-MSI-edge      em2-7
 NMI:     169408     282238     239639     266894     242272     267879     241338     260793     314163     355181     342107     362292     331268     353295     338840     353841   Non-maskable interrupts
 LOC:  350017229  420244881  360770859  392817100  364362295  383916064  371282666  377387677  393622565  444339267  456635747  486466430  418463344  440640527  426103743  451359384   Local timer interrupts
 SPU:          0          0          0          0          0          0          0          0          0          0          0          0          0          0          0          0   Spurious interrupts
 PMI:     169408     282238     239639     266894     242272     267879     241338     260793     314163     355181     342107     362292     331268     353295     338840     353841   Performance monitoring interrupts
 IWI:    1088491    1081197    2065243    2195324    2115430     712907    3388213     733151     181312     269835     696487    7156910     219883     515097     501565    2546679   IRQ work interrupts
 RTR:         14          0          0          0          0          0          0          0          0          0          0          0          0          0          0          0   APIC ICR read retries
 RES:  294052321  183320581  125792127  135531903  107967864  125975501   98462758  123840906  137076435  200262555  170374184  202952096  174862213  215198507  175163563  210968973   Rescheduling interrupts
 CAL:    2356263    2454749    2410790    2428165    2405218    2461432       2857    2465503    2317559    2298859    2317374    2323257    2302510    2298619    2284606    2284897   Function call interrupts
 TLB:   23821498   23265343   20633187   22304718   21003174   22264644   20624706   21841667   27456949   30888147   29636944   29976341   29343460   30299489   30087688   30693289   TLB shootdowns
 TRM:          0          0          0          0          0          0          0          0          0          0          0          0          0          0          0          0   Thermal event interrupts
 THR:          0          0          0          0          0          0          0          0          0          0          0          0          0          0          0          0   Threshold APIC interrupts
 DFR:          0          0          0          0          0          0          0          0          0          0          0          0          0          0          0          0   Deferred Error APIC interrupts
 MCE:          0          0          0          0          0          0          0          0          0          0          0          0          0          0          0          0   Machine check exceptions
 MCP:      15808      15808      15808      15808      15808      15808      15808      15808      15808      15808      15808      15808      15808      15808      15808      15808   Machine check polls
 ERR:          0
 MIS:          0
 PIN:          0          0          0          0          0          0          0          0          0          0          0          0          0          0          0          0   Posted-interrupt notification event
 NPI:          0          0          0          0          0          0          0          0          0          0          0          0          0          0          0          0   Nested posted-interrupt event
 PIW:          0          0          0          0          0          0          0          0          0          0          0          0          0          0          0          0   Posted-interrupt wakeup event
